#Filename        start    end    CORR     B   Seq  Keep?  PUMP   Astart  Aend  Bstart   Bend  ChUpdate   Gas  B_Servo   HV    HVS  OTop  MTop  MBot  OBot   Others     
 30755-30987     30755    30987     2     1     6     1     40       60    80     220    250         1   80         1   06     05   6     12    15    14
 31025-31352     31025    31352     2     1     6     1     40       60    80     180    210         1   80         1   10     05   6     12    15    14
 31389-31674     31389    31674     2     1     6     1     40       55    75     235    265         1   80         1   06     30   6     12    15    14
 31711-31825     31711    31825     2     1     6     1     40       55    75     235    265         1   80         1   10     30   6     12    15    14
 31874-32176     31874    32176     2     1     6     1     30       45    65     225    255         1   80         1   10     30   6     12    15    14
 32180-32477     32180    32477     2    -1     6     1     35       50    70     230    260         1   80         1   06     05   6     12    15    14
 32513-32772     32513    32772     2    -1     6     1     35       50    70     230    260         1   80         1   10     05   6     12    15    14
 32812-33058     32812    33058     2    -1     6     1     35       50    70     240    270         1   80         1   06     30   6     12    15    14
 33105-33344     33105    33344     2    -1     6     1     35       50    70     240    270         1   80         1   10     30   6     12    15    14
 33385-33657     33385    33657     2     1     6     1     35       50    70     240    270         1   80         1   06     05   6     12    15    14
 33698-33957     33698    33957     2     1     6     1     35       50    70     240    270         1   80         1   10     05   6     12    15    14
 34028-34277     34028    34277     2     1     6     1     35       50    70     240    270         1   55         1   06     30   6     12    15    14
 34283-34605     34283    34605     2     1     6     1     35       50    70     240    270         1   55         1   10     30   6     12    15    14
 34643-34889     34643    34889     2     1     6     1     35       50    70     240    270         1   55         1   06     30   6     12    15    14
 34926-35200     34926    35200     2    -1     6     1     35       50    70     240    270         1   70         1   06     05   6     12    15    14
 35237-35515     35237    35515     2    -1     6     1     35       50    70     240    270         1   70         1   10     05   6     12    15    14
 35556-35829     35556    35829     2    -1     6     1     35       50    70     240    270         1   70         1   06     30   6     12    15    14
 35867-36148     35867    36148     2    -1     6     1     35       50    70     240    270         1   70         1   10     30   6     12    15    14
 36218-36496     36218    36496     2    -1     6     1     35       50    70     240    270         1   70         1   06     30   6     12    15    14
 36500-36797     36500    36797     2    -1     6     1     35       50    70     240    270         1   60         1   10     30   6     12    15    14